structure(list(Date = structure(c(1L, 1L, 1L, 1L, 1L, 1L, 1L, 
                                  1L, 1L, 1L, 1L, 1L, 1L, 1L, 1L, 1L, 1L, 1L, 1L, 1L, 1L, 1L, 1L, 
                                  1L, 3L, 3L, 3L, 3L, 3L, 3L, 3L, 3L, 3L, 3L, 3L, 3L, 3L, 3L, 3L, 
                                  3L, 3L, 3L, 3L, 3L, 3L, 3L, 3L, 3L, 3L, 3L, 3L, 6L, 6L, 6L, 6L, 
                                  6L, 6L, 6L, 6L, 6L, 6L, 6L, 6L, 6L, 6L, 6L, 6L, 6L, 6L, 6L, 6L, 
                                  6L, 6L, 6L, 6L, 7L, 7L, 7L, 7L, 7L, 7L, 7L, 7L, 7L, 7L, 7L, 7L, 
                                  7L, 7L, 7L, 7L, 7L, 7L, 7L, 7L, 7L, 7L, 7L, 7L, 8L, 8L, 8L, 8L, 
                                  8L, 8L, 8L, 8L, 8L, 8L, 8L, 8L, 8L, 8L, 8L, 8L, 8L, 8L, 8L, 8L, 
                                  8L, 8L, 8L, 8L, 9L, 9L, 9L, 9L, 9L, 9L, 9L, 9L, 9L, 9L, 9L, 9L, 
                                  9L, 9L, 9L, 9L, 9L, 9L, 9L, 9L, 9L, 9L, 9L, 9L, 12L, 12L, 12L, 
                                  12L, 12L, 12L, 12L, 12L, 12L, 12L, 12L, 12L, 12L, 12L, 12L, 12L, 
                                  12L, 12L, 12L, 12L, 12L, 12L, 12L, 12L, 13L, 13L, 13L, 13L, 13L, 
                                  13L, 13L, 13L, 13L, 13L, 13L, 13L, 13L, 13L, 13L, 13L, 13L, 13L, 
                                  13L, 13L, 13L, 13L, 13L, 13L, 15L, 15L, 15L, 15L, 15L, 15L, 15L, 
                                  15L, 15L, 15L, 15L, 15L, 15L, 15L, 15L, 15L, 15L, 15L, 15L, 15L, 
                                  15L, 15L, 15L, 15L), .Label = c("2-Jul", "20-May", "21-May", 
                                                                  "23-May", "24-May", "27-May", "28-May", "3-Jul", "3-Jun", "30-May", 
                                                                  "31-May", "4-Jun", "5-Jul", "5-Jun", "6-Jul", "6-Jun"), class = "factor"), 
               Chem1 = structure(c(2L, 1L, 1L, 2L, 1L, 2L, 2L, 1L, 2L, 2L, 
                                   1L, 1L, 2L, 1L, 1L, 1L, 1L, 2L, 2L, 1L, 2L, 1L, 2L, 2L, 3L, 
                                   4L, 3L, 3L, 4L, 4L, 4L, 3L, 3L, 4L, 4L, 4L, 3L, 3L, 4L, 4L, 
                                   2L, 3L, 1L, 3L, 4L, 3L, 4L, 3L, 3L, 4L, 2L, 2L, 2L, 2L, 1L, 
                                   1L, 1L, 2L, 1L, 1L, 2L, 2L, 1L, 2L, 2L, 1L, 2L, 1L, 1L, 2L, 
                                   1L, 1L, 2L, 1L, 2L, 4L, 3L, 4L, 3L, 3L, 3L, 4L, 4L, 3L, 3L, 
                                   4L, 4L, 4L, 3L, 4L, 3L, 4L, 3L, 3L, 4L, 3L, 4L, 4L, 3L, 3L, 
                                   4L, 4L, 4L, 4L, 3L, 3L, 3L, 4L, 3L, 3L, 3L, 4L, 4L, 3L, 4L, 
                                   4L, 4L, 3L, 3L, 4L, 3L, 4L, 3L, 2L, 1L, 2L, 1L, 1L, 2L, 1L, 
                                   1L, 2L, 2L, 1L, 2L, 2L, 1L, 1L, 2L, 2L, 1L, 2L, 2L, 1L, 2L, 
                                   1L, 1L, 4L, 3L, 4L, 3L, 3L, 3L, 3L, 4L, 4L, 3L, 3L, 4L, 4L, 
                                   4L, 4L, 4L, 3L, 3L, 4L, 3L, 4L, 3L, 4L, 3L, 2L, 1L, 2L, 1L, 
                                   1L, 2L, 1L, 1L, 2L, 2L, 1L, 2L, 2L, 1L, 1L, 2L, 2L, 1L, 2L, 
                                   2L, 1L, 2L, 1L, 1L, 4L, 3L, 4L, 3L, 3L, 3L, 3L, 4L, 4L, 3L, 
                                   3L, 4L, 4L, 4L, 4L, 4L, 3L, 3L, 4L, 3L, 4L, 3L, 4L, 3L), .Label = c("NC", 
                                                                                                       "Core", "Oil", "OilCore"), class = "factor"), Herbivore = structure(c(2L, 
                                                                                                                                                                             2L, 4L, 3L, 4L, 4L, 1L, 1L, 4L, 1L, 2L, 1L, 3L, 3L, 1L, 4L, 
                                                                                                                                                                             2L, 2L, 4L, 3L, 3L, 3L, 2L, 1L, 3L, 1L, 2L, 4L, 4L, 2L, 3L, 
                                                                                                                                                                             2L, 1L, 3L, 1L, 4L, 3L, 4L, 2L, 3L, 1L, 1L, 3L, 3L, 4L, 2L, 
                                                                                                                                                                             2L, 4L, 1L, 1L, 1L, 4L, 1L, 2L, 1L, 4L, 2L, 3L, 3L, 4L, 4L, 
                                                                                                                                                                             1L, 1L, 2L, 1L, 2L, 3L, 3L, 4L, 3L, 3L, 2L, 4L, 1L, 2L, 3L, 
                                                                                                                                                                             1L, 2L, 1L, 3L, 4L, 4L, 1L, 2L, 4L, 4L, 2L, 3L, 3L, 1L, 2L, 
                                                                                                                                                                             2L, 1L, 4L, 1L, 2L, 4L, 3L, 3L, 3L, 1L, 4L, 2L, 3L, 4L, 2L, 
                                                                                                                                                                             1L, 3L, 3L, 2L, 1L, 1L, 4L, 4L, 2L, 3L, 1L, 2L, 1L, 4L, 3L, 
                                                                                                                                                                             2L, 4L, 4L, 3L, 1L, 1L, 4L, 3L, 3L, 1L, 2L, 4L, 2L, 1L, 3L, 
                                                                                                                                                                             2L, 3L, 2L, 2L, 4L, 1L, 3L, 2L, 4L, 4L, 1L, 3L, 1L, 2L, 2L, 
                                                                                                                                                                             4L, 1L, 3L, 4L, 1L, 2L, 4L, 4L, 2L, 1L, 3L, 2L, 3L, 4L, 4L, 
                                                                                                                                                                             2L, 3L, 1L, 1L, 3L, 4L, 3L, 1L, 1L, 4L, 3L, 3L, 1L, 2L, 4L, 
                                                                                                                                                                             2L, 1L, 3L, 2L, 3L, 2L, 2L, 4L, 1L, 3L, 2L, 4L, 4L, 1L, 3L, 
                                                                                                                                                                             1L, 2L, 2L, 4L, 1L, 3L, 4L, 1L, 2L, 4L, 4L, 2L, 1L, 3L, 2L, 
                                                                                                                                                                             3L, 4L, 4L, 2L, 3L, 1L, 1L, 3L), .Label = c("NG", "P", "S", 
                                                                                                                                                                                                                         "SP"), class = "factor"),